3.0759
2.0249
1.4157
1.1317
1.2887
1.1628
1.3903
1.4085
1.2713
1.2255
1.1755
1.2132
0.9918
1.1685
1.0988
1.1865
1.0013
1.0672
1.0612
1.2247
1.1823
1.1796
2.06
1.4984
1.2288
1.7424
1.1545
1.0366
1.0709
1.2413
1.1574
1.2116
1.3198
1.2802
1.1423
1.168
1.088
1.1579
1.2961
1.3064
1.2167
1.12
1.1777
1.2287
1.6027
1.112
1.127
1.3839
1.6109
1.2157
1.113
1.2264
1.3052
1.3311
1.2469
1.1937
1.3275
1.2705
1.3689
1.0712
1.0921
1.5376
1.1707
1.1426
1.0767
1.2462
1.268
1.1424
1.2821
1.1176
1.4168
1.2004
1.0607
1.1178
1.3973
1.1901
1.145
1.1326
1.1716
1.2559
1.1579
1.1574
1.0926
1.0754
1.3842
1.2571
1.0839
1.125
1.526
1.3644
1.2041
1.1626
1.137
1.3716
1.1776
1.2618
1.0821
1.4561
1.4634
1.0774
1.2763
1.2417
1.6936
1.4282
1.1541
1.2923
1.4797
1.4291
1.306
1.1013
1.4511
1.4938
1.0713
1.1887
1.3999
1.2577
1.2014
1.1054
1.2383
1.7098
1.3293
1.049
1.1191
1.2936
1.2793
1.4099
1.2796
1.1421
1.3689
1.2956
1.1831
1.3643
1.436
1.1205
1.1985
1.2552
1.615
1.3427
1.3185
1.1358
1.873
1.136
1.1505
1.1182
1.3534
1.1288
1.1732
1.25
1.1792
1.4095
1.3712
1.101
1.067
2.2686
1.1561
1.2543
1.1048
1.3381
1.2368
1.2554
1.0833
1.341
1.3298
1.1894
1.147
1.131
1.6266
1.2464
1.1343
1.1201
1.4639
1.1411
1.147
1.1239
1.3219
2.2248
1.1771
1.1959
1.5091
1.1541
1.2007
1.0745
1.1524
1.6458
1.3422
1.3356
1.2324
1.3272
1.1694
1.1184
1.1366
1.3458
1.3262
1.1112
1.2044
1.1357
1.831
1.1556
1.0965
1.2013
1.3936
1.2862
1.1471
1.0912
1.1917
1.1923
1.1522
1.09
1.077
1.3697
1.3422
1.3095
1.1526
1.1835
1.3958
1.101
1.1642
1.0951
1.5863
1.2465
1.0913
1.0648
1.092
1.3933
1.113
1.1657
1.1637
1.4719
1.1761
1.1979
1.156
1.064
1.3777
1.0946
1.0774
1.0047
1.1715
1.5813
1.0539
1.1135
1.1975
2.4161
1.1893
1.0752
1.1979
1.3785
1.2365
1.1039
1.1194
1.7213
4.0637
2.5106
2.6559
3.612
2.033
2.4739
1.3237
2.1375
2.9774
2.1505
1.6898
1.4105
1.179
1.1077
3.7744
1.9499
1.6158
2.5048
1.273
1.1883
1.6882
1.1728
1.1971
1.207
1.6667
1.3057
1.1689
1.1245
1.4611
1.2287
1.1648
1.2841
1.2048
1.2381
1.3424
1.0843
1.2476
1.6213
1.4235
1.1739
1.1395
1.3848
1.4551
1.1961
1.168
1.5309
1.2741
1.1725
1.1409
1.2211
1.2717
1.2893
1.164
1.163
1.4738
1.2847
1.3836
1.3568
1.7465
1.2389
1.1737
1.1245
1.4248
1.4519
1.2298
1.103
1.1323
1.8342
1.1608
1.0715
1.2099
1.7423
1.2142
1.249
1.108
1.3604
1.2562
1.2953
1.1128
1.1585
1.4696
1.104
1.2265
1.1139
1.2726
1.202
1.1118
1.0555
1.228
1.4008
1.1027
1.1938
1.1351
1.3048
1.5312
1.4868
1.0718
1.5295
1.1039
1.1118
1.0845
1.117
1.2064
1.2503
1.1626
1.1142
1.0466
1.6118
1.3175
1.1162
1.1255
1.4995
1.1688
1.0702
1.2337
1.1831
1.8225
1.1535
1.0159
1.0749
1.2924
1.2678
1.083
0.9911
1.0712
2.0025
1.0245
1.1458
1.0963
1.82
1.4281
1.2893
1.2897
1.7241
1.2003
1.0994
1.0705
1.7234
1.3567
1.1357
1.0972
1.3013
1.7252
1.3149
1.0977
1.0735
1.7031
1.1212
1.0667
1.026
1.2425
1.9082
1.2181
1.1496
1.8919
1.4042
1.1084
1.1664
1.2577
1.3037
1.1611
1.0503
1.1613
1.7169
1.1865
1.0569
1.1949
1.1318
1.2054
1.0716
1.1258
1.1517
1.4079
1.2831
1.1892
1.2094
1.3692
1.3154
1.0833
1.1196
1.1086
1.4958
1.2512
1.2502
1.1876
1.41
1.4976
1.1316
1.2283
1.214
1.251
1.103
1.1918
1.1065
1.3333
1.306
1.172
1.1493
1.2139
1.216
1.2457
1.2742
1.0943
1.3284
1.1724
1.1623
1.2816
1.1889
1.3702
1.0864
1.1477
1.0665
1.2873
1.63
1.135
1.0534
1.0783
1.3431
1.2246
1.0288
1.1318
1.1766
1.3489
1.1181
1.2954
1.3291
1.6823
1.1149
1.1347
1.1032
1.1269
1.2088
1.0414
1.0366
1.0036
1.4276
1.2959
1.1162
1.1121
1.1218
1.6956
1.153
1.0807
1.0804
1.4285
1.3596
1.1178
1.1572
1.1623
1.2379
