2.4933
1.2081
1.2657
1.4081
1.8308
1.4684
1.1167
1.1465
1.185
1.1418
1.1011
1.1503
1.3863
1.4794
1.2177
1.1553
1.2564
1.2401
1.1878
1.2588
1.248
1.2621
1.1795
1.0826
1.1333
1.3871
1.2432
1.1927
1.1491
1.1182
1.1942
1.1712
1.1885
1.1295
1.4197
1.3529
1.174
1.2889
1.0514
1.1902
1.2749
1.1515
1.0487
1.135
1.5875
1.1029
1.1476
1.1702
1.1461
1.401
1.2299
1.1215
1.1576
1.2239
1.1717
1.1639
1.1515
1.0775
1.4238
1.1864
1.1729
1.1709
1.3261
1.2293
1.1767
1.1694
1.1909
1.271
1.1161
1.1691
1.2014
1.2515
1.3305
1.2459
1.0523
1.1791
1.1146
1.1669
1.1251
1.1387
1.1691
1.2303
1.1605
1.152
1.1686
1.1353
1.3472
1.1156
1.1848
1.1516
1.2383
1.1931
1.2244
1.0236
1.1689
1.2618
1.276
1.1568
1.1081
1.1757
1.265
1.0837
1.1589
1.2401
1.2407
1.2098
1.1547
1.0976
1.1156
1.2521
1.2159
1.2045
1.1707
1.2462
1.4116
1.1936
1.1228
1.1087
1.4331
1.2865
1.1543
1.163
1.2156
1.2031
1.141
1.0828
1.2822
1.2672
1.2306
1.1814
1.1393
1.0789
1.2675
1.3211
1.1536
1.1656
1.1962
1.2254
1.1027
1.2745
1.211
1.2356
1.1942
1.1116
1.1447
1.2288
1.3354
1.1673
1.1818
1.2405
1.1696
1.3894
1.139
1.204
1.2113
1.1996
1.1616
1.1423
1.3014
1.2365
1.1667
1.0898
1.144
1.2047
1.2163
1.247
1.1116
1.1714
1.2321
1.1578
1.2542
1.1149
1.1633
1.313
1.4226
1.3089
1.1891
1.2105
1.5176
1.3188
1.2182
1.1553
1.2568
1.2601
1.3126
1.1996
1.3205
1.3047
1.1023
1.117
1.1927
1.4395
1.1086
1.1941
1.0723
1.5275
1.2434
1.2947
1.185
1.2762
1.4625
1.2369
1.1963
1.2801
1.5289
1.1717
1.2174
1.2455
1.3091
1.2875
1.1902
1.2121
1.2447
1.4288
1.2484
1.2366
1.3661
1.5086
1.1615
1.1764
1.4133
1.3193
1.2661
1.4179
1.221
1.2185
1.2849
1.2947
1.2919
1.3842
1.4231
1.2175
1.4077
1.1909
1.2417
1.1807
1.2684
1.2265
1.4326
2.1394
1.3933
1.4127
1.1713
1.4091
1.1875
1.1414
1.2939
1.4467
1.1718
1.1942
1.2075
1.6005
1.2132
1.202
1.2628
1.2454
1.0802
1.1008
1.2374
1.1121
1.3105
1.2165
1.0837
1.5055
1.5277
1.5351
1.1783
1.3656
1.3653
1.407
1.1378
1.2499
1.2323
1.2287
1.3368
1.2086
1.5178
1.2938
1.1802
1.2495
1.2968
1.2485
1.2955
1.2067
1.3459
1.2321
1.7361
1.1897
1.2224
1.4036
1.2982
1.2397
1.1111
1.3903
1.1019
1.0819
1.2425
1.3823
1.3899
1.1164
1.4323
1.1616
1.1607
1.181
1.2734
1.2107
1.3089
1.3977
1.2341
1.2088
1.1679
1.1754
1.2231
1.2444
1.1072
1.2588
1.2494
1.2826
1.1944
1.1646
1.5629
1.2169
1.1655
1.1895
1.1604
1.1985
1.2196
1.1213
1.2825
1.3075
1.1574
1.1398
1.0738
1.2063
1.274
1.1499
1.1313
1.0598
1.4234
1.2366
1.1404
1.1499
1.1907
1.1745
1.1092
1.1394
1.1313
1.2664
1.1726
1.1941
1.1446
1.201
1.2707
1.2634
1.1255
1.1648
1.2743
1.1983
1.1086
1.1604
1.2534
1.2564
1.2027
1.1877
1.2051
1.2824
1.2744
1.1846
1.2235
1.2327
1.4069
1.1758
1.1996
1.2847
1.2161
1.5477
1.1637
1.2106
1.1551
1.2918
1.3378
1.0856
1.2226
1.2121
1.1654
1.1712
1.1499
1.1807
1.2684
1.1695
1.1969
1.1754
1.318
1.2563
1.237
1.1882
1.2477
1.3857
1.2112
1.1234
1.1768
1.1278
1.1746
1.1684
1.1652
1.1417
1.221
1.273
1.1381
1.2267
1.1585
1.2024
1.4687
1.1983
1.1787
1.2007
1.2315
1.0948
1.1394
1.1049
1.3777
1.1956
1.152
1.1912
1.1831
1.303
1.213
1.1885
1.1164
1.2303
1.3557
1.1539
1.1929
1.2389
1.2422
1.2507
1.2368
1.2092
1.2696
1.2484
1.2609
1.2682
1.346
1.4117
1.2812
1.1891
1.2118
1.211
1.2107
1.1887
1.1696
1.278
1.1842
1.1661
1.1009
1.1645
1.1998
1.3715
1.1656
1.2294
1.1235
1.3021
1.1181
1.2624
1.3229
1.3008
1.1733
1.2144
1.1063
1.2882
1.269
1.2262
1.2639
1.1723
1.1963
1.3241
1.3312
1.2034
1.2034
1.3521
1.295
1.1194
1.1374
1.2618
1.3386
1.1766
1.1264
1.3345
1.3632
1.1837
1.1572
1.1321
1.1635
1.1519
1.0745
1.1077
1.1847
1.7041
1.4645
1.1192
